world: world
x: -170.38946864318424
y: 80.0
z: -111.72963041863166
yaw: 172.99542
pitch: 90.0
name: dungeon
lastowner: 2343e106-252e-3dba-9aa3-bb171b3a8a89
