lastAccountName: hiemnguyno
timestamps:
  login: 1596334121391
  logout: 1596334309359
  lastteleport: 1596320798497
ipAddress: 25.55.187.237
logoutlocation:
  world: world
  x: -55.43934103508728
  y: 92.0
  z: -121.43286470545375
  yaw: -242.37671
  pitch: 31.199903
lastlocation:
  world: world
  x: -207.09081944950105
  y: 80.0
  z: -75.78121789998956
  yaw: -343.95508
  pitch: 2.3999805
afk: false
godmode: false
nickname: KnoxUni2
