lastAccountName: hiemnguyno
timestamps:
  login: 1596316366253
  logout: 1596316304559
  lastteleport: 1596320798497
ipAddress: 25.55.187.237
logoutlocation:
  world: world
  x: -237.5
  y: 72.0
  z: -6.5
  yaw: 109.34369
  pitch: 90.0
lastlocation:
  world: world
  x: -207.09081944950105
  y: 80.0
  z: -75.78121789998956
  yaw: -343.95508
  pitch: 2.3999805
afk: true
godmode: false
nickname: KnoxUni2
