lastAccountName: blacksniper2705
timestamps:
  login: 1596339808438
  logout: 1596339830610
ipAddress: 25.103.221.93
lastlocation:
  world: world
  x: -168.5
  y: 85.0
  z: -91.5
  yaw: 2.0123267
  pitch: 0.0
logoutlocation:
  world: world
  x: -166.38163186827
  y: 93.74880417283866
  z: -86.10060639717257
  yaw: 176.5513
  pitch: 84.00009
