lastAccountName: ningsing
timestamps:
  login: 1585920280285
  logout: 1585920761941
ipAddress: 25.50.225.219
logoutlocation:
  world: world
  x: -163.076407141066
  y: 85.5
  z: -94.04476699222704
  yaw: 152.70035
  pitch: 37.04988
