lastAccountName: ThanhVNHC
timestamps:
  login: 1596332579304
  logout: 0
  lastteleport: 1596315725132
ipAddress: 25.94.17.215
lastlocation:
  world: world
  x: -161.5
  y: 80.0
  z: -82.5
  yaw: 2.2708783
  pitch: 0.0
logoutlocation:
  world: world
  x: -149.73730313766362
  y: 81.0
  z: -49.86250001192093
  yaw: -0.84768677
  pitch: 37.140488
nickname: ThanhVNHC
godmode: false
afk: false
