spawns: 
  default: 
    world: world
    x: -165.5627657096414
    y: 85.0625
    z: -85.35558216441318
    yaw: -116.39786
    pitch: 87.15012
