spawns: 
  default: 
    world: world
    x: 1771.4127161813972
    y: 7.0
    z: 909.4458610718192
    yaw: 94.200035
    pitch: 89.24999
