lastAccountName: emlacobedamdang
timestamps:
  login: 1586058607925
  logout: 1586058624617
ipAddress: 25.122.249.88
lastlocation:
  world: world
  x: 1781.5
  y: 6.0
  z: 914.5
  yaw: 0.14415275
  pitch: 0.0
logoutlocation:
  world: world
  x: 1752.1779452855162
  y: 8.5
  z: 909.1481930560686
  yaw: -90.0
  pitch: 16.293114
