lastAccountName: Dinnerbone
timestamps:
  login: 1585900737289
  logout: 1585900757881
ipAddress: 25.115.248.128
lastlocation:
  world: world
  x: 1779.5
  y: 6.0
  z: 905.5
  yaw: 0.00937931
  pitch: 0.0
logoutlocation:
  world: world
  x: 1771.5
  y: 7.0
  z: 909.5
  yaw: 3.1500006
  pitch: 0.30000007
