lastAccountName: hiemnguyno
timestamps:
  login: 1596334009877
  logout: 1596334121086
  lastteleport: 1585920241924
ipAddress: 25.55.187.237
logoutlocation:
  world: world
  x: 1752.217567896367
  y: 8.5
  z: 911.6497056444093
  yaw: -90.0
  pitch: -2.2494297
afk: false
lastlocation:
  world: world
  x: 1736.0474717405039
  y: 13.524827919372541
  z: 895.3317724567846
  yaw: -73.34955
  pitch: 9.6002
