lastAccountName: hiemnguyno
timestamps:
  login: 1595965159617
  logout: 1595965403323
  lastteleport: 1585920241924
ipAddress: 25.55.187.237
logoutlocation:
  world: world
  x: 1751.9264558087837
  y: 8.5
  z: 909.0147458713399
  yaw: -90.0
  pitch: 6.000585
afk: false
lastlocation:
  world: world
  x: 1736.0474717405039
  y: 13.524827919372541
  z: 895.3317724567846
  yaw: -73.34955
  pitch: 9.6002
