lastAccountName: blacksniper2705
timestamps:
  login: 1596339746261
  logout: 1596339807982
ipAddress: 25.103.221.93
lastlocation:
  world: world
  x: 1766.5
  y: 6.0
  z: 916.5
  yaw: 1.5108011
  pitch: 0.0
logoutlocation:
  world: world
  x: 1748.3305996021347
  y: 9.5
  z: 903.9171682315688
  yaw: 182.09991
  pitch: 30.44959
