lastAccountName: ningsing
timestamps:
  login: 1585920217687
  logout: 1585920279138
ipAddress: 25.50.225.219
logoutlocation:
  world: world
  x: 1753.3602777371418
  y: 8.0
  z: 908.7306408274575
  yaw: -93.15003
  pitch: 35.250042
