lastAccountName: ThanhVNHC
timestamps:
  login: 1596332557950
  logout: 1596332578787
ipAddress: 25.94.17.215
lastlocation:
  world: world
  x: 1762.5
  y: 6.0
  z: 902.5
  yaw: 0.5127263
  pitch: 0.0
logoutlocation:
  world: world
  x: 1752.1754326891116
  y: 8.946024086687803
  z: 909.1858265157067
  yaw: -90.0
  pitch: 36.299976
